725
Cd -20.30972282 -11.72582394 -1.65828192
Se -20.30972282 -11.72582394 6.6331277
Se -20.30972282 -7.03549436 -13.26625539
Cd -20.30972282 -7.03549436 -8.29140962
Se -20.30972282 -7.03549436 0.0
Cd -20.30972282 -7.03549436 4.97484577
Se -20.30972282 2.34516479 -6.6331277
Cd -20.30972282 2.34516479 -1.65828192
Se -20.30972282 2.34516479 6.6331277
Cd -20.30972282 2.34516479 11.60797347
Cd -20.30972282 7.03549436 -8.29140962
Se -20.30972282 7.03549436 0.0
Cd -20.30972282 7.03549436 4.97484577
Se -20.30972282 7.03549436 13.26625539
Se -16.247778259999997 -14.07098872 -13.26625539
Cd -16.247778259999997 -14.07098872 -8.29140962
Se -16.247778259999997 -14.07098872 0.0
Cd -16.247778259999997 -14.07098872 4.97484577
Cd -16.247778259999997 -4.69032957 -14.92453732
Se -16.247778259999997 -4.69032957 -6.6331277
Cd -16.247778259999997 -4.69032957 -1.65828192
Se -16.247778259999997 -4.69032957 6.6331277
Cd -16.247778259999997 -4.69032957 11.60797347
Se -16.247778259999997 0.0 -13.26625539
Cd -16.247778259999997 0.0 -8.29140962
Se -16.247778259999997 0.0 0.0
Cd -16.247778259999997 0.0 4.97484577
Se -16.247778259999997 -0.0 13.26625539
Cd -16.247778259999997 -0.0 18.24110117
Se -16.247778259999997 9.38065915 -6.6331277
Cd -16.247778259999997 9.38065915 -1.65828192
Se -16.247778259999997 9.38065915 6.6331277
Cd -16.247778259999997 9.38065915 11.60797347
Cd -16.247778259999997 14.07098872 -8.29140962
Se -16.247778259999997 14.07098872 0.0
Cd -16.247778259999997 14.07098872 4.97484577
Se -16.247778259999997 14.07098872 13.26625539
Cd -12.18583369 -11.72582394 -14.92453732
Se -12.18583369 -11.72582394 -6.6331277
Cd -12.18583369 -11.72582394 -1.65828192
Se -12.18583369 -11.72582394 6.6331277
Cd -12.18583369 -11.72582394 11.60797347
Se -12.18583369 -7.03549436 -13.26625539
Cd -12.18583369 -7.03549436 -8.29140962
Se -12.18583369 -7.03549436 0.0
Cd -12.18583369 -7.03549436 4.97484577
Se -12.18583369 -7.03549436 13.26625539
Cd -12.18583369 -7.03549436 18.24110117
Se -12.18583369 2.34516479 -19.89938309
Cd -12.18583369 2.34516479 -14.92453732
Se -12.18583369 2.34516479 -6.6331277
Cd -12.18583369 2.34516479 -1.65828192
Se -12.18583369 2.34516479 6.6331277
Cd -12.18583369 2.34516479 11.60797347
Se -12.18583369 2.34516479 19.89938309
Se -12.18583369 7.03549436 -13.26625539
Cd -12.18583369 7.03549436 -8.29140962
Se -12.18583369 7.03549436 0.0
Cd -12.18583369 7.03549436 4.97484577
Se -12.18583369 7.03549436 13.26625539
Cd -12.18583369 7.03549436 18.24110117
Se -12.18583369 16.41615351 -6.6331277
Cd -12.18583369 16.41615351 -1.65828192
Se -12.18583369 16.41615351 6.6331277
Cd -12.18583369 16.41615351 11.60797347
Se -8.123889129999998 -18.7613183 -6.6331277
Cd -8.123889129999998 -18.7613183 -1.65828192
Se -8.123889129999998 -18.7613183 6.6331277
Cd -8.123889129999998 -18.7613183 11.60797347
Se -8.123889129999998 -14.07098872 -13.26625539
Cd -8.123889129999998 -14.07098872 -8.29140962
Se -8.123889129999998 -14.07098872 0.0
Cd -8.123889129999998 -14.07098872 4.97484577
Se -8.123889129999998 -14.07098872 13.26625539
Cd -8.123889129999998 -14.07098872 18.24110117
Se -8.123889129999998 -4.69032957 -19.89938309
Cd -8.123889129999998 -4.69032957 -14.92453732
Se -8.123889129999998 -4.69032957 -6.6331277
Cd -8.123889129999998 -4.69032957 -1.65828192
Se -8.123889129999998 -4.69032957 6.6331277
Cd -8.123889129999998 -4.69032957 11.60797347
Se -8.123889129999998 -4.69032957 19.89938309
Cd -8.123889129999998 0.0 -21.55766502
Se -8.123889129999998 0.0 -13.26625539
Cd -8.123889129999998 0.0 -8.29140962
Se -8.123889129999998 0.0 0.0
Cd -8.123889129999998 0.0 4.97484577
Se -8.123889129999998 -0.0 13.26625539
Cd -8.123889129999998 -0.0 18.24110117
Se -8.123889129999998 9.38065915 -19.89938309
Cd -8.123889129999998 9.38065915 -14.92453732
Se -8.123889129999998 9.38065915 -6.6331277
Cd -8.123889129999998 9.38065915 -1.65828192
Se -8.123889129999998 9.38065915 6.6331277
Cd -8.123889129999998 9.38065915 11.60797347
Se -8.123889129999998 9.38065915 19.89938309
Se -8.123889129999998 14.07098872 -13.26625539
Cd -8.123889129999998 14.07098872 -8.29140962
Se -8.123889129999998 14.07098872 0.0
Cd -8.123889129999998 14.07098872 4.97484577
Se -8.123889129999998 14.07098872 13.26625539
Cd -8.123889129999998 14.07098872 18.24110117
Cd -4.06194456 -21.10648309 -8.29140962
Se -4.06194456 -21.10648309 0.0
Cd -4.06194456 -21.10648309 4.97484577
Se -4.06194456 -21.10648309 13.26625539
Se -4.06194456 -11.72582394 -19.89938309
Cd -4.06194456 -11.72582394 -14.92453732
Se -4.06194456 -11.72582394 -6.6331277
Cd -4.06194456 -11.72582394 -1.65828192
Se -4.06194456 -11.72582394 6.6331277
Cd -4.06194456 -11.72582394 11.60797347
Se -4.06194456 -11.72582394 19.89938309
Cd -4.06194456 -7.03549436 -21.55766502
Se -4.06194456 -7.03549436 -13.26625539
Cd -4.06194456 -7.03549436 -8.29140962
Se -4.06194456 -7.03549436 0.0
Cd -4.06194456 -7.03549436 4.97484577
Se -4.06194456 -7.03549436 13.26625539
Cd -4.06194456 -7.03549436 18.24110117
Se -4.06194456 2.34516479 -19.89938309
Cd -4.06194456 2.34516479 -14.92453732
Se -4.06194456 2.34516479 -6.6331277
Cd -4.06194456 2.34516479 -1.65828192
Se -4.06194456 2.34516479 6.6331277
Cd -4.06194456 2.34516479 11.60797347
Se -4.06194456 2.34516479 19.89938309
Cd -4.06194456 7.03549436 -21.55766502
Se -4.06194456 7.03549436 -13.26625539
Cd -4.06194456 7.03549436 -8.29140962
Se -4.06194456 7.03549436 0.0
Cd -4.06194456 7.03549436 4.97484577
Se -4.06194456 7.03549436 13.26625539
Cd -4.06194456 7.03549436 18.24110117
Cd -4.06194456 16.41615351 -14.92453732
Se -4.06194456 16.41615351 -6.6331277
Cd -4.06194456 16.41615351 -1.65828192
Se -4.06194456 16.41615351 6.6331277
Cd -4.06194456 16.41615351 11.60797347
Se -4.06194456 21.10648309 -13.26625539
Cd -4.06194456 21.10648309 -8.29140962
Se -4.06194456 21.10648309 0.0
Cd -4.06194456 21.10648309 4.97484577
Se 0.0 -18.7613183 -6.6331277
Cd 0.0 -18.7613183 -1.65828192
Se 0.0 -18.7613183 6.6331277
Cd 0.0 -18.7613183 11.60797347
Se 0.0 -14.07098872 -13.26625539
Cd 0.0 -14.07098872 -8.29140962
Se 0.0 -14.07098872 0.0
Cd 0.0 -14.07098872 4.97484577
Se -0.0 -14.07098872 13.26625539
Cd -0.0 -14.07098872 18.24110117
Se 0.0 -4.69032957 -19.89938309
Cd 0.0 -4.69032957 -14.92453732
Se 0.0 -4.69032957 -6.6331277
Cd 0.0 -4.69032957 -1.65828192
Se 0.0 -4.69032957 6.6331277
Cd 0.0 -4.69032957 11.60797347
Se -0.0 -4.69032957 19.89938309
Cd 0.0 0.0 -21.55766502
Se 0.0 0.0 -13.26625539
Cd 0.0 0.0 -8.29140962
Se 0.0 0.0 0.0
Cd 0.0 0.0 4.97484577
Se -0.0 -0.0 13.26625539
Cd -0.0 -0.0 18.24110117
Se 0.0 9.38065915 -19.89938309
Cd 0.0 9.38065915 -14.92453732
Se 0.0 9.38065915 -6.6331277
Cd 0.0 9.38065915 -1.65828192
Se -0.0 9.38065915 6.6331277
Cd -0.0 9.38065915 11.60797347
Se -0.0 9.38065915 19.89938309
Se 0.0 14.07098872 -13.26625539
Cd 0.0 14.07098872 -8.29140962
Se -0.0 14.07098872 0.0
Cd -0.0 14.07098872 4.97484577
Se -0.0 14.07098872 13.26625539
Cd -0.0 14.07098872 18.24110117
Cd 0.0 23.45164787 -1.65828192
Se -0.0 23.45164787 6.6331277
Cd 4.06194456 -21.10648309 -8.29140962
Se 4.06194456 -21.10648309 0.0
Cd 4.06194456 -21.10648309 4.97484577
Se 4.06194456 -21.10648309 13.26625539
Se 4.06194456 -11.72582394 -19.89938309
Cd 4.06194456 -11.72582394 -14.92453732
Se 4.06194456 -11.72582394 -6.6331277
Cd 4.06194456 -11.72582394 -1.65828192
Se 4.06194456 -11.72582394 6.6331277
Cd 4.06194456 -11.72582394 11.60797347
Se 4.06194456 -11.72582394 19.89938309
Cd 4.06194456 -7.03549436 -21.55766502
Se 4.06194456 -7.03549436 -13.26625539
Cd 4.06194456 -7.03549436 -8.29140962
Se 4.06194456 -7.03549436 0.0
Cd 4.06194456 -7.03549436 4.97484577
Se 4.06194456 -7.03549436 13.26625539
Cd 4.06194456 -7.03549436 18.24110117
Se 4.06194456 2.34516479 -19.89938309
Cd 4.06194456 2.34516479 -14.92453732
Se 4.06194456 2.34516479 -6.6331277
Cd 4.06194456 2.34516479 -1.65828192
Se 4.06194456 2.34516479 6.6331277
Cd 4.06194456 2.34516479 11.60797347
Se 4.06194456 2.34516479 19.89938309
Cd 4.06194456 7.03549436 -21.55766502
Se 4.06194456 7.03549436 -13.26625539
Cd 4.06194456 7.03549436 -8.29140962
Se 4.06194456 7.03549436 0.0
Cd 4.06194456 7.03549436 4.97484577
Se 4.06194456 7.03549436 13.26625539
Cd 4.06194456 7.03549436 18.24110117
Cd 4.06194456 16.41615351 -14.92453732
Se 4.06194456 16.41615351 -6.6331277
Cd 4.06194456 16.41615351 -1.65828192
Se 4.06194456 16.41615351 6.6331277
Cd 4.06194456 16.41615351 11.60797347
Se 4.06194456 21.10648309 -13.26625539
Cd 4.06194456 21.10648309 -8.29140962
Se 4.06194456 21.10648309 0.0
Cd 4.06194456 21.10648309 4.97484577
Se 8.123889129999998 -18.7613183 -6.6331277
Cd 8.123889129999998 -18.7613183 -1.65828192
Se 8.123889129999998 -18.7613183 6.6331277
Cd 8.123889129999998 -18.7613183 11.60797347
Se 8.123889129999998 -14.07098872 -13.26625539
Cd 8.123889129999998 -14.07098872 -8.29140962
Se 8.123889129999998 -14.07098872 0.0
Cd 8.123889129999998 -14.07098872 4.97484577
Se 8.123889129999998 -14.07098872 13.26625539
Cd 8.123889129999998 -14.07098872 18.24110117
Se 8.123889129999998 -4.69032957 -19.89938309
Cd 8.123889129999998 -4.69032957 -14.92453732
Se 8.123889129999998 -4.69032957 -6.6331277
Cd 8.123889129999998 -4.69032957 -1.65828192
Se 8.123889129999998 -4.69032957 6.6331277
Cd 8.123889129999998 -4.69032957 11.60797347
Se 8.123889129999998 -4.69032957 19.89938309
Cd 8.123889129999998 0.0 -21.55766502
Se 8.123889129999998 0.0 -13.26625539
Cd 8.123889129999998 0.0 -8.29140962
Se 8.123889129999998 0.0 0.0
Cd 8.123889129999998 0.0 4.97484577
Se 8.123889129999998 -0.0 13.26625539
Cd 8.123889129999998 -0.0 18.24110117
Se 8.123889129999998 9.38065915 -19.89938309
Cd 8.123889129999998 9.38065915 -14.92453732
Se 8.123889129999998 9.38065915 -6.6331277
Cd 8.123889129999998 9.38065915 -1.65828192
Se 8.123889129999998 9.38065915 6.6331277
Cd 8.123889129999998 9.38065915 11.60797347
Se 8.123889129999998 9.38065915 19.89938309
Se 8.123889129999998 14.07098872 -13.26625539
Cd 8.123889129999998 14.07098872 -8.29140962
Se 8.123889129999998 14.07098872 0.0
Cd 8.123889129999998 14.07098872 4.97484577
Se 8.123889129999998 14.07098872 13.26625539
Cd 8.123889129999998 14.07098872 18.24110117
Cd 12.18583369 -11.72582394 -14.92453732
Se 12.18583369 -11.72582394 -6.6331277
Cd 12.18583369 -11.72582394 -1.65828192
Se 12.18583369 -11.72582394 6.6331277
Cd 12.18583369 -11.72582394 11.60797347
Se 12.18583369 -7.03549436 -13.26625539
Cd 12.18583369 -7.03549436 -8.29140962
Se 12.18583369 -7.03549436 0.0
Cd 12.18583369 -7.03549436 4.97484577
Se 12.18583369 -7.03549436 13.26625539
Cd 12.18583369 -7.03549436 18.24110117
Se 12.18583369 2.34516479 -19.89938309
Cd 12.18583369 2.34516479 -14.92453732
Se 12.18583369 2.34516479 -6.6331277
Cd 12.18583369 2.34516479 -1.65828192
Se 12.18583369 2.34516479 6.6331277
Cd 12.18583369 2.34516479 11.60797347
Se 12.18583369 2.34516479 19.89938309
Se 12.18583369 7.03549436 -13.26625539
Cd 12.18583369 7.03549436 -8.29140962
Se 12.18583369 7.03549436 0.0
Cd 12.18583369 7.03549436 4.97484577
Se 12.18583369 7.03549436 13.26625539
Cd 12.18583369 7.03549436 18.24110117
Se 12.18583369 16.41615351 -6.6331277
Cd 12.18583369 16.41615351 -1.65828192
Se 12.18583369 16.41615351 6.6331277
Cd 12.18583369 16.41615351 11.60797347
Se 16.247778259999997 -14.07098872 -13.26625539
Cd 16.247778259999997 -14.07098872 -8.29140962
Se 16.247778259999997 -14.07098872 0.0
Cd 16.247778259999997 -14.07098872 4.97484577
Cd 16.247778259999997 -4.69032957 -14.92453732
Se 16.247778259999997 -4.69032957 -6.6331277
Cd 16.247778259999997 -4.69032957 -1.65828192
Se 16.247778259999997 -4.69032957 6.6331277
Cd 16.247778259999997 -4.69032957 11.60797347
Se 16.247778259999997 0.0 -13.26625539
Cd 16.247778259999997 0.0 -8.29140962
Se 16.247778259999997 0.0 0.0
Cd 16.247778259999997 0.0 4.97484577
Se 16.247778259999997 -0.0 13.26625539
Cd 16.247778259999997 -0.0 18.24110117
Se 16.247778259999997 9.38065915 -6.6331277
Cd 16.247778259999997 9.38065915 -1.65828192
Se 16.247778259999997 9.38065915 6.6331277
Cd 16.247778259999997 9.38065915 11.60797347
Cd 16.247778259999997 14.07098872 -8.29140962
Se 16.247778259999997 14.07098872 0.0
Cd 16.247778259999997 14.07098872 4.97484577
Se 16.247778259999997 14.07098872 13.26625539
Cd 20.30972282 -11.72582394 -1.65828192
Se 20.30972282 -11.72582394 6.6331277
Se 20.30972282 -7.03549436 -13.26625539
Cd 20.30972282 -7.03549436 -8.29140962
Se 20.30972282 -7.03549436 0.0
Cd 20.30972282 -7.03549436 4.97484577
Se 20.30972282 2.34516479 -6.6331277
Cd 20.30972282 2.34516479 -1.65828192
Se 20.30972282 2.34516479 6.6331277
Cd 20.30972282 2.34516479 11.60797347
Cd 20.30972282 7.03549436 -8.29140962
Se 20.30972282 7.03549436 0.0
Cd 20.30972282 7.03549436 4.97484577
Se 20.30972282 7.03549436 13.26625539
P1 -1.82787505 22.39632372 -7.37935456
P1 -2.23406951 15.360829359999999 19.15315622
P2 -3.0464584199999996 21.692774279999995 -13.680825869999998
P2 -3.0464584199999996 -12.31211513 -20.31395357
P1 -4.06194456 18.995834779999996 12.52002853
P1 -4.06194456 16.41615351 -17.66070249
P1 -4.06194456 7.03549436 -24.29383019
P2 -4.06194456 2.34516479 21.39183682
P1 -4.06194456 -7.03549436 -24.29383019
P2 -4.06194456 -11.72582394 21.39183682
P2 -4.06194456 -21.10648309 14.50996684
P1 -4.06194456 -21.10648309 -11.0275748
P2 -4.06194456 -22.27906548 12.85168491
P2 -4.06194456 -22.51358196 -0.49748458
P1 -4.06194456 -23.68616435 5.88690083
P1 -4.06194456 -23.68616435 -7.37935456
P2 -5.0774307 -12.31211513 -20.31395357
P2 -5.07743071 21.692774279999995 -13.680825869999998
P2 -5.28052793 21.81003252 -0.49748458
P1 -5.88981962 15.360829359999999 19.15315622
P1 -6.296014069999999 22.39632372 5.88690083
P1 -6.296014069999999 22.39632372 -7.37935456
P2 -8.123889129999998 10.55324154 -20.31395357
P2 -8.123889129999998 9.38065915 21.39183682
P1 -8.123889129999998 0.0 -24.29383019
P2 -8.123889129999998 -4.69032957 21.39183682
P2 -8.123889129999998 -15.478087600000002 -13.76373997
P1 -8.123889129999998 -16.65066999 19.15315622
P2 -9.13937527 8.79436795 -20.31395357
P2 -9.3424725 14.77453816 -13.76373997
P2 -9.3424725 -5.39387901 -20.39686767
P2 -9.3424725 -19.46486774 6.13564312
P2 -9.3424725 -19.46486774 -7.13061227
P1 -10.35795864 15.360829359999999 19.15315622
P1 -10.35795864 -12.78114809 19.15315622
P1 -10.35795864 -20.05115893 12.52002853
P1 -10.35795864 -20.05115893 -0.74622687
P1 -12.18583369 18.995834779999996 12.52002853
P1 -12.18583369 18.995834779999996 -0.74622687
P2 -12.18583369 17.82325238 6.13564312
P2 -12.18583369 17.82325238 -7.13061227
P2 -12.18583369 3.51774718 -20.31395357
P2 -12.18583369 2.34516479 21.39183682
P1 -12.18583369 -9.61517563 19.15315622
P1 -12.18583369 -11.72582394 -17.66070249
P2 -13.20131983 1.75887359 -20.31395357
P2 -13.40441706 7.739043800000001 -13.76373997
P1 -14.4199032 8.325335 19.15315622
P1 -14.4199032 -5.74565373 19.15315622
P1 -14.4199032 -13.01566457 12.52002853
P2 -16.247778259999997 14.07098872 14.50996684
P1 -16.247778259999997 14.07098872 -11.0275748
P1 -16.247778259999997 -2.57968127 19.15315622
P1 -16.247778259999997 -4.69032957 -17.66070249
P2 -16.247778259999997 -15.24357112 -13.680825869999998
P2 -16.247778259999997 -15.478087600000002 -0.49748458
P1 -16.247778259999997 -16.65066999 5.88690083
P1 -16.247778259999997 -16.65066999 -7.37935456
P2 -17.2632644 14.65727992 12.85168491
P2 -17.2632644 -13.48469753 -13.680825869999998
P2 -17.46636163 14.77453816 -0.49748458
P2 -17.46636163 0.70354944 -13.76373997
P1 -18.48184777 15.360829359999999 5.88690083
P1 -18.48184777 15.360829359999999 -7.37935456
P1 -18.48184777 1.28984063 19.15315622
P1 -18.48184777 -5.98017021 12.52002853
P1 -18.48184777 -12.78114809 -7.37935456
P2 -20.30972282 7.03549436 14.50996684
P1 -20.30972282 7.03549436 -11.0275748
P2 -20.30972282 -8.20807676 -13.680825869999998
P1 -20.30972282 -9.61517563 -7.37935456
P2 -20.30972282 -11.72582394 7.87683914
P1 -20.30972282 -11.72582394 -4.3944471
P2 -21.32520896 7.62178556 12.85168491
P2 -21.32520896 -6.44920317 -13.680825869999998
P2 -21.32520896 -12.31211513 6.21855722
P2 -21.528306189999995 7.739043800000001 -0.49748458
P2 -21.528306189999995 1.64161535 6.13564312
P2 -21.528306189999995 1.64161535 -7.13061227
P2 -21.528306189999995 -6.33194493 -0.49748458
P1 -22.54379233 8.325335 5.88690083
P1 -22.54379233 8.325335 -7.37935456
P1 -22.54379233 1.05532415 12.52002853
P1 -22.54379233 1.05532415 -0.74622687
P1 -22.54379233 -5.74565373 5.88690083
P1 -22.54379233 -5.74565373 -7.37935456
P1 -22.54379233 -13.01566457 -0.74622687
P1 -0.0 -16.65066999 19.15315622
P2 0.0 -15.478087600000002 -13.76373997
P2 -0.0 -4.69032957 21.39183682
P1 0.0 0.0 -24.29383019
P2 -0.0 9.38065915 21.39183682
P2 0.0 10.78775802 -20.39686767
P1 0.0 23.45164787 -4.3944471
P2 -0.0 23.45164787 7.87683914
P2 -0.0 24.62423027 6.21855722
P1 0.0 26.03132914 -0.74622687
P1 1.82787505 22.39632372 -7.37935456
P1 2.23406951 15.360829359999999 19.15315622
P2 3.0464584199999996 -12.31211513 -20.31395357
P2 3.0464584199999996 21.692774279999995 -13.680825869999998
P1 4.06194456 -23.68616435 -7.37935456
P1 4.06194456 -23.68616435 5.88690083
P2 4.06194456 -22.51358196 -0.49748458
P2 4.06194456 -22.27906548 12.85168491
P1 4.06194456 -21.10648309 -11.0275748
P2 4.06194456 -21.10648309 14.50996684
P2 4.06194456 -11.72582394 21.39183682
P1 4.06194456 -7.03549436 -24.29383019
P2 4.06194456 2.34516479 21.39183682
P1 4.06194456 7.03549436 -24.29383019
P1 4.06194456 16.41615351 -17.66070249
P1 4.06194456 18.995834779999996 12.52002853
P2 5.07743071 -12.31211513 -20.31395357
P2 5.07743071 21.692774279999995 -13.680825869999998
P2 5.28052793 21.81003252 -0.49748458
P1 5.88981962 15.360829359999999 19.15315622
P1 6.296014069999999 22.39632372 -7.37935456
P1 6.296014069999999 22.39632372 5.88690083
P1 8.123889129999998 -16.65066999 19.15315622
P2 8.123889129999998 -15.478087600000002 -13.76373997
P2 8.123889129999998 -4.69032957 21.39183682
P1 8.123889129999998 0.0 -24.29383019
P2 8.123889129999998 9.38065915 21.39183682
P2 8.123889129999998 10.55324154 -20.31395357
P2 9.13937527 8.79436795 -20.31395357
P2 9.3424725 -19.46486774 -7.13061227
P2 9.3424725 -19.46486774 6.13564312
P2 9.3424725 -5.39387901 -20.39686767
P2 9.3424725 14.77453816 -13.76373997
P1 10.35795864 -20.05115893 -0.74622687
P1 10.35795864 -20.05115893 12.52002853
P1 10.35795864 -12.78114809 19.15315622
P1 10.35795864 15.360829359999999 19.15315622
P1 12.18583369 -11.72582394 -17.66070249
P1 12.18583369 -9.61517563 19.15315622
P2 12.18583369 2.34516479 21.39183682
P2 12.18583369 3.51774718 -20.31395357
P2 12.18583369 17.82325238 -7.13061227
P2 12.18583369 17.82325238 6.13564312
P1 12.18583369 18.995834779999996 -0.74622687
P1 12.18583369 18.995834779999996 12.52002853
P2 13.20131983 1.75887359 -20.31395357
P2 13.40441706 7.739043800000001 -13.76373997
P1 14.4199032 -13.01566457 12.52002853
P1 14.4199032 -5.74565373 19.15315622
P1 14.4199032 8.325335 19.15315622
P1 16.247778259999997 -16.65066999 -7.37935456
P1 16.247778259999997 -16.65066999 5.88690083
P2 16.247778259999997 -15.478087600000002 -0.49748458
P2 16.247778259999997 -15.24357112 -13.680825869999998
P1 16.247778259999997 -4.69032957 -17.66070249
P1 16.247778259999997 -2.57968127 19.15315622
P1 16.247778259999997 14.07098872 -11.0275748
P2 16.247778259999997 14.07098872 14.50996684
P2 17.2632644 -13.48469753 -13.680825869999998
P2 17.2632644 14.65727992 12.85168491
P2 17.46636163 0.70354944 -13.76373997
P2 17.46636163 14.77453816 -0.49748458
P1 18.48184777 -12.78114809 -7.37935456
P1 18.48184777 -5.98017021 12.52002853
P1 18.48184777 1.28984063 19.15315622
P1 18.48184777 15.360829359999999 -7.37935456
P1 18.48184777 15.360829359999999 5.88690083
P1 20.30972282 -11.72582394 -4.3944471
P2 20.30972282 -11.72582394 7.87683914
P1 20.30972282 -9.61517563 -7.37935456
P2 20.30972282 -8.20807676 -13.680825869999998
P1 20.30972282 7.03549436 -11.0275748
P2 20.30972282 7.03549436 14.50996684
P2 21.32520896 -12.31211513 6.21855722
P2 21.32520896 -6.44920317 -13.680825869999998
P2 21.32520896 7.62178556 12.85168491
P2 21.528306189999995 -6.33194493 -0.49748458
P2 21.528306189999995 1.64161535 -7.13061227
P2 21.528306189999995 1.64161535 6.13564312
P2 21.528306189999995 7.739043800000001 -0.49748458
P1 22.54379233 -13.01566457 -0.74622687
P1 22.54379233 -5.74565373 -7.37935456
P1 22.54379233 -5.74565373 5.88690083
P1 22.54379233 1.05532415 -0.74622687
P1 22.54379233 1.05532415 12.52002853
P1 22.54379233 8.325335 -7.37935456
P1 22.54379233 8.325335 5.88690083
PC6 -22.0294738223732 -14.50037422693688 0.3036213951763171
PC5 -23.572429349947814 -13.609548429746201 -2.2160144447565164
P3 -23.57242935461089 -11.827896845849322 0.3036213941069578
PC6 -23.218107875235557 -6.649578111011966 -5.8630145811533625
PC5 -23.858096020721735 -5.725834794503082 -8.737029296795896
P3 -22.09812862909491 -3.970722493037792 -6.908110841384893
PC6 -23.218107875235553 -6.649578111011966 7.403240808846639
PC5 -23.85809602072174 -5.725834794503082 4.529226093204107
P3 -22.09812862909491 -3.970722493037792 6.3581445486151065
PC6 -22.05958681177389 -0.641684633594004 -0.07037638571594039
PC5 -23.771342284477043 0.8407390905827125 -2.1668401298709274
P3 -23.34340342802267 2.0760921951071762 0.6284448590283779
PC6 -22.05958681031853 -0.6416846340503404 13.195879012095558
PC5 -23.771342290400597 0.8407390917008054 11.099415275078721
P3 -23.34340342167476 2.076092195530668 13.894700262406324
PC6 -21.65652482582286 5.86912960884336 -11.657483759258119
PC5 -18.626220312508206 6.452311984667889 -11.657483759258119
P3 -20.646423321668937 8.785041486488753 -11.657483759258119
PC6 -23.514345063774726 7.1735387086209546 -6.238100702740061
PC5 -23.62840361700127 8.819832144920959 -8.845696471819098
P3 -22.0315838416179 9.873459943276957 -6.424357545860239
PC6 -23.514345063774726 7.173538708620954 7.028154687259939
PC5 -23.62840361700127 8.819832144920959 4.4205589181809035
P3 -22.031583841617895 9.873459943276957 6.841897844139761
PC6 -14.487810867779372 -17.152179520685642 -6.9081108422334845
PC5 -16.88776640310574 -17.798799841864152 -8.737029297382
P3 -17.367757509114885 -16.78268219386238 -5.863014580916726
PC6 -14.487810867779372 -17.152179520685642 6.358144547766515
PC5 -16.88776640310574 -17.798799841864152 4.529226092618001
P3 -17.367757509114885 -16.78268219386238 7.403240809083274
PC6 -16.675717129498565 -6.419823917953024 -18.29061144925812
PC5 -14.536022784221794 -4.196188328276041 -18.29061144925812
P3 -17.531594866279637 -3.454976463770935 -18.29061144925812
PC6 -17.971010269860503 -7.545413777431942 13.447457931974599
PC5 -19.58196971459829 -6.446219027152439 11.05592543266467
P3 -19.435518857935104 -4.839703622234483 13.68661118494133
PC6 -19.3328667867339 0.226023684348666 20.462785103266224
PC5 -19.66956728007144 1.586782560844136 17.713637019820638
P3 -17.986064780126565 2.947541437339606 19.91295549143989
PC6 -17.93128076726235 13.487806344005541 -11.657483759258119
PC5 -14.900976253718252 12.904623969373239 -11.657483759258119
P3 -15.911077759019394 15.820535846621226 -11.657483759258119
PC6 -19.566459059149082 14.143181331230387 -6.424357543215834
PC5 -19.452400501461696 16.05288171721282 -8.845696472007985
P3 -17.969639281783117 16.777250828375653 -6.238100705195581
PC6 -19.566459059149082 14.143181331230387 6.841897846784167
PC5 -19.4524005014617 16.052881717212824 4.420558917992017
P3 -17.969639281783117 16.777250828375653 7.028154684804419
PC6 -11.757894820756809 -13.455318288016212 -18.29061144925812
PC5 -10.90201708353795 -10.4904708339605 -18.29061144925812
P3 -13.897589165705241 -11.231682698023283 -18.29061144925812
PC6 -13.909065704260128 -14.411801252276526 13.686611184564573
PC5 -15.373574287515064 -13.735373713857982 11.055925433333696
P3 -15.520025143277008 -11.79064453531265 13.44745793276758
PC6 -15.448540228103298 7.137567280227871 20.20300448563887
PC5 -15.448540218227613 8.919218860935114 17.683368644519984
P3 -13.905584687942692 9.810044656741132 20.20300448328265
PC6 -13.469650299425602 19.177934279083843 0.6284448574968517
PC5 -12.613772555094219 20.166216753781836 -2.1668401304516993
P3 -10.47407821548018 19.425004895716985 -0.07037638371645312
PC6 -13.469650296618404 19.17793427337465 13.894700260874798
PC5 -12.613772559024294 20.16621675835274 11.099415274497948
P3 -10.474078214357302 19.425004894684772 13.195879014095045
PC6 -9.873753128137736 -21.254026475975078 0.6284448587064969
PC5 -11.157569729777332 -21.006955846286328 -2.1668401293022863
P3 -11.585508599016835 -18.783320260271 -0.07037638487745228
PC6 -9.87375312459703 -21.25402647068938 13.894700262084442
PC5 -11.157569731770813 -21.006955851975324 11.099415275647361
P3 -11.585508598684353 -18.783320258782457 13.195879012934045
PC6 -6.440386623524668 -17.050159728601955 19.9129554908774
PC5 -8.460589628619546 -17.827736223063187 17.7136370190879
P3 -9.470691137855782 -16.855765606917537 20.462785103363395
PC6 -9.014714923243151 -1.5429555345899881 -24.92373914925812
PC5 -6.342237543513694 0.0 -24.92373914925812
P3 -9.014714923243151 1.5429555345899881 -24.92373914925812
PC6 -11.545678157411544 14.102618294398544 19.912955492795486
PC5 -11.208977649625668 16.240953662112286 17.713637018783874
P3 -9.862175647236386 16.629741921393283 20.46278510186215
PC6 -2.7151425538127043 -22.272847840735828 -11.657483759258119
PC5 -3.7252440588777187 -19.356935963406045 -11.657483759258119
P3 -5.745447067309576 -21.689665465858134 -11.657483759258119
PC6 -2.465124788037417 -24.01664126094454 -6.424357544410564
PC5 -4.176003115432502 -24.87271385168687 -8.845696470525
P3 -5.544705776530081 -23.950789523013377 -6.2381007034261495
PC6 -2.465124788037416 -24.01664126094454 6.841897845589436
PC5 -4.176003115432503 -24.87271385168687 4.420558919475002
P3 -5.54470577653008 -23.950789523013377 7.028154686573851
PC6 -3.1711187663245717 -8.578449894340414 -24.92373914925812
PC5 -3.1711187671891237 -5.492538825160438 -24.92373914925812
P3 -5.843596146486305 -7.03549436049915 -24.92373914925812
PC6 -5.8435961464863055 7.0354943604991504 -24.92373914925812
PC5 -3.1711187671891237 5.492538825160438 -24.92373914925812
P3 -3.1711187663245712 8.578449894340412 -24.92373914925812
PC6 -5.7737000355098 16.91029475265374 -18.29061144925812
PC5 -3.6340056914408505 14.68665916181453 -18.29061144925812
P3 -2.778127953049349 17.651506615531726 -18.29061144925812
PC6 -5.526453142789648 19.251504872253772 13.686611183499192
PC5 -4.2083954181994345 20.18159273947198 11.055925432446996
P3 -2.4509851190109178 19.336058314686415 13.447457933521601
PC6 -2.0547684010369123 22.835911936465973 -5.555526366396689
PC5 -1.5606271597544497 23.97708226008866 -8.379778807846323
P3 -0.32527405415643645 21.266802754892524 -7.572849545091137
PC6 -7.610317759188821 21.122902012438505 -6.908110843990306
PC5 -6.9703296176444205 23.524634637445455 -8.737029295848473
P3 -5.850350368218957 23.432260301563204 -5.863014579495372
PC6 -7.610317759188823 21.122902012438505 6.358144546009694
PC5 -6.9703296176444205 23.524634637445455 4.52922609415153
P3 -5.850350368218956 23.4322603015632 7.403240810504629
PC6 2.465124788037417 -24.01664126094454 -6.424357544410564
PC5 5.544705776530081 -23.950789523013377 -6.2381007034261495
P3 4.176003115432502 -24.87271385168687 -8.845696470525
PC6 2.7151425538127043 -22.272847840735828 -11.657483759258119
PC5 5.745447067309576 -21.689665465858134 -11.657483759258119
P3 3.7252440588777187 -19.356935963406045 -11.657483759258119
PC6 2.465124788037416 -24.01664126094454 6.841897845589436
PC5 5.54470577653008 -23.950789523013377 7.028154686573851
P3 4.176003115432503 -24.87271385168687 4.420558919475002
PC6 3.1711187663245717 -8.578449894340414 -24.92373914925812
PC5 5.843596146486305 -7.03549436049915 -24.92373914925812
P3 3.1711187671891237 -5.492538825160438 -24.92373914925812
PC6 5.8435961464863055 7.0354943604991504 -24.92373914925812
PC5 3.1711187663245712 8.578449894340412 -24.92373914925812
P3 3.1711187671891237 5.492538825160438 -24.92373914925812
PC6 5.7737000355098 16.91029475265374 -18.29061144925812
PC5 2.778127953049349 17.651506615531726 -18.29061144925812
P3 3.6340056914408505 14.68665916181453 -18.29061144925812
PC6 5.526453142789648 19.251504872253772 13.686611183499192
PC5 2.4509851190109178 19.336058314686415 13.447457933521601
P3 4.2083954181994345 20.18159273947198 11.055925432446996
PC6 2.0547684010369123 22.835911936465973 -5.555526366396689
PC5 0.32527405415643645 21.266802754892524 -7.572849545091137
P3 1.5606271597544497 23.97708226008866 -8.379778807846323
PC6 7.610317759188821 21.122902012438505 -6.908110843990306
PC5 5.850350368218957 23.432260301563204 -5.863014579495372
P3 6.9703296176444205 23.524634637445455 -8.737029295848473
PC6 7.610317759188823 21.122902012438505 6.358144546009694
PC5 5.850350368218956 23.4322603015632 7.403240810504629
P3 6.9703296176444205 23.524634637445455 4.52922609415153
PC6 9.873753128137736 -21.254026475975078 0.6284448587064969
PC5 11.585508599016835 -18.783320260271 -0.07037638487745228
P3 11.157569729777332 -21.006955846286328 -2.1668401293022863
PC6 9.87375312459703 -21.25402647068938 13.894700262084442
PC5 11.585508598684353 -18.783320258782457 13.195879012934045
P3 11.157569731770813 -21.006955851975324 11.099415275647361
PC6 6.440386623524668 -17.050159728601955 19.9129554908774
PC5 9.470691137855782 -16.855765606917537 20.462785103363395
P3 8.460589628619546 -17.827736223063187 17.7136370190879
PC6 9.014714923243151 -1.5429555345899881 -24.92373914925812
PC5 9.014714923243151 1.5429555345899881 -24.92373914925812
P3 6.342237543513694 0.0 -24.92373914925812
PC6 11.545678157411544 14.102618294398544 19.912955492795486
PC5 9.862175647236386 16.629741921393283 20.46278510186215
P3 11.208977649625668 16.240953662112286 17.713637018783874
PC6 11.757894820756809 -13.455318288016212 -18.29061144925812
PC5 13.897589165705241 -11.231682698023283 -18.29061144925812
P3 10.90201708353795 -10.4904708339605 -18.29061144925812
PC6 13.909065704260128 -14.411801252276526 13.686611184564573
PC5 15.520025143277008 -11.79064453531265 13.44745793276758
P3 15.373574287515064 -13.735373713857982 11.055925433333696
PC6 15.448540228103298 7.137567280227871 20.20300448563887
PC5 13.905584687942692 9.810044656741132 20.20300448328265
P3 15.448540218227613 8.919218860935114 17.683368644519984
PC6 13.469650299425602 19.177934279083843 0.6284448574968517
PC5 10.47407821548018 19.425004895716985 -0.07037638371645312
P3 12.613772555094219 20.166216753781836 -2.1668401304516993
PC6 13.469650296618404 19.17793427337465 13.894700260874798
PC5 10.474078214357302 19.425004894684772 13.195879014095045
P3 12.613772559024294 20.16621675835274 11.099415274497948
PC6 14.487810867779372 -17.152179520685642 -6.9081108422334845
PC5 17.367757509114885 -16.78268219386238 -5.863014580916726
P3 16.88776640310574 -17.798799841864152 -8.737029297382
PC6 14.487810867779372 -17.152179520685642 6.358144547766515
PC5 17.367757509114885 -16.78268219386238 7.403240809083274
P3 16.88776640310574 -17.798799841864152 4.529226092618001
PC6 16.675717129498565 -6.419823917953024 -18.29061144925812
PC5 17.531594866279637 -3.454976463770935 -18.29061144925812
P3 14.536022784221794 -4.196188328276041 -18.29061144925812
PC6 17.971010269860503 -7.545413777431942 13.447457931974599
PC5 19.435518857935104 -4.839703622234483 13.68661118494133
P3 19.58196971459829 -6.446219027152439 11.05592543266467
PC6 19.3328667867339 0.226023684348666 20.462785103266224
PC5 17.986064780126565 2.947541437339606 19.91295549143989
P3 19.66956728007144 1.586782560844136 17.713637019820638
PC6 17.93128076726235 13.487806344005541 -11.657483759258119
PC5 15.911077759019394 15.820535846621226 -11.657483759258119
P3 14.900976253718252 12.904623969373239 -11.657483759258119
PC6 19.566459059149082 14.143181331230387 -6.424357543215834
PC5 17.969639281783117 16.777250828375653 -6.238100705195581
P3 19.452400501461696 16.05288171721282 -8.845696472007985
PC6 19.566459059149082 14.143181331230387 6.841897846784167
PC5 17.969639281783117 16.777250828375653 7.028154684804419
P3 19.4524005014617 16.052881717212824 4.420558917992017
PC6 22.0294738223732 -14.50037422693688 0.3036213951763171
PC5 23.57242935461089 -11.827896845849322 0.3036213941069578
P3 23.572429349947814 -13.609548429746201 -2.2160144447565164
PC6 23.218107875235557 -6.649578111011966 -5.8630145811533625
PC5 22.09812862909491 -3.970722493037792 -6.908110841384893
P3 23.858096020721735 -5.725834794503082 -8.737029296795896
PC6 23.218107875235553 -6.649578111011966 7.403240808846639
PC5 22.09812862909491 -3.970722493037792 6.3581445486151065
P3 23.85809602072174 -5.725834794503082 4.529226093204107
PC6 22.05958681177389 -0.641684633594004 -0.07037638571594039
PC5 23.34340342802267 2.0760921951071762 0.6284448590283779
P3 23.771342284477043 0.8407390905827125 -2.1668401298709274
PC6 22.05958681031853 -0.6416846340503404 13.195879012095558
PC5 23.34340342167476 2.076092195530668 13.894700262406324
P3 23.771342290400597 0.8407390917008054 11.099415275078721
PC6 21.65652482582286 5.86912960884336 -11.657483759258119
PC5 20.646423321668937 8.785041486488753 -11.657483759258119
P3 18.626220312508206 6.452311984667889 -11.657483759258119
PC6 23.514345063774726 7.1735387086209546 -6.238100702740061
PC5 22.0315838416179 9.873459943276957 -6.424357545860239
P3 23.62840361700127 8.819832144920959 -8.845696471819098
PC6 23.514345063774726 7.173538708620954 7.028154687259939
PC5 22.031583841617895 9.873459943276957 6.841897844139761
P3 23.62840361700127 8.819832144920959 4.4205589181809035
